ClusterPatterns = [
-0.012688,-0.044878,0.037582,0.21902,0.22014,0.13394
0.048692,0.13501,0.065095,0.00039567,0.049308,0.078429
0.014063,0.10038,0.030466,0.046406,0.095318,0.12444
-0.035905,0.050412,-0.019503,-0.020415,0.028498,0.057618
-0.024073,-0.056263,0.026198,0.21681,0.21792,0.13173
0.005466,0.091783,0.021869,0.026738,0.075651,0.10477
0.30906,0.29304,0.35305,-0.0054103,0.04317,0.047899
-0.015846,0.070471,0.00055637,0.025422,0.074335,0.10346
0.030122,0.11644,0.046524,-0.0068306,0.042082,0.071202
0.0060355,-0.026155,0.056306,0.19923,0.20034,0.11415
0.0030332,0.08935,0.019436,-0.035494,0.013418,0.042539
-0.010016,0.076301,0.0063869,-0.041874,0.0070388,0.036159
-0.021341,0.064976,-0.0049382,-0.0089628,0.03995,0.06907
-0.0010691,0.085248,0.015334,0.0082137,0.057126,0.086247
0.056974,0.14329,0.073377,-0.014562,0.034351,0.063471
0.032345,0.11866,0.048748,-0.043849,0.0050639,0.034184
0.044082,0.1304,0.060485,-0.019017,0.029895,0.059016
0.31871,0.3027,0.3627,-0.034192,0.014388,0.019117
0.019755,0.10607,0.036158,0.040236,0.089149,0.11827
0.30815,0.29213,0.35214,0.0068646,0.055445,0.060174
0.050349,0.018159,0.10062,0.23031,0.23142,0.14523
0.0081601,0.094477,0.024563,-0.028331,0.020582,0.049702
0.2848,0.26879,0.32879,-0.039007,0.0095732,0.014302
0.2805,0.26448,0.32449,-0.048561,1.917e-005,0.0047481
-0.0048781,0.081439,0.011525,0.016361,0.065274,0.094394
0.32173,0.30571,0.36572,-0.025652,0.022928,0.027657
0.027139,0.11346,0.043541,0.018105,0.067018,0.096138
0.0038484,0.090166,0.020251,-0.029845,0.019068,0.048188
-0.00029291,0.086024,0.01611,0.013788,0.0627,0.091821
-0.021884,0.064433,-0.0054815,-0.02243,0.026482,0.055603
0.012279,0.098596,0.028682,0.04521,0.094122,0.12324
-0.0045508,0.081766,0.011852,-0.011508,0.037404,0.066525
-0.0090527,0.077264,0.0073502,-0.0040071,0.044906,0.074026
-0.023108,0.063209,-0.0067054,0.068662,0.11757,0.14669
0.26982,0.25381,0.31381,0.0096478,0.058228,0.062957
0.31104,0.29502,0.35503,0.0068292,0.05541,0.060138
0.013081,0.099398,0.029483,0.0012893,0.050202,0.079322
0.25736,0.24134,0.30135,4.1007e-005,0.048621,0.05335
0.30972,0.29371,0.35371,-0.02302,0.025561,0.03029
0.00089494,0.087212,0.017298,-0.030104,0.018808,0.047929
0.010175,0.096493,0.026578,-0.00218,0.046733,0.075853
0.010584,0.096901,0.026987,-0.013951,0.034961,0.064082
0.0010623,-0.031128,0.051332,0.18842,0.18954,0.10335
0.0641,0.15042,0.080503,-0.020715,0.028197,0.057317
-0.038284,0.048033,-0.021881,0.031899,0.080811,0.10993
-0.0042091,-0.0364,0.046061,0.23785,0.23896,0.15277
0.029718,-0.0024719,0.079989,0.20881,0.20993,0.12374
-0.084776,0.0015411,-0.068373,-0.008347,0.040566,0.069686
0.32262,0.30661,0.36661,-0.029346,0.019234,0.023963
-0.023737,-0.055927,0.026533,0.15172,0.15283,0.066637
0.25673,0.24071,0.30072,0.012857,0.061438,0.066167
-0.015371,-0.047562,0.034899,0.19004,0.19115,0.10496
0.35029,0.33428,0.39428,-0.025493,0.023088,0.027817
-0.0046646,0.081653,0.011738,0.01567,0.064583,0.093703
-0.0046847,-0.036875,0.045586,0.19506,0.19617,0.10998
-0.021925,0.064392,-0.0055222,0.051706,0.10062,0.12974
-0.032704,0.053613,-0.016302,-0.017059,0.031853,0.060974
0.27635,0.26033,0.32034,1.8689e-005,0.048599,0.053328
0.016512,-0.015678,0.066783,0.21949,0.2206,0.13441
-0.021558,-0.053749,0.028712,0.19485,0.19596,0.10977
0.00083471,-0.031356,0.051105,0.20297,0.20408,0.11789
0.32362,0.3076,0.36761,-0.0075791,0.041001,0.04573
0.035965,0.12228,0.052367,0.011856,0.060768,0.089889
0.00092283,0.08724,0.017326,0.0048501,0.053763,0.082883
-0.022066,-0.054257,0.028204,0.21017,0.21129,0.12509
-0.049355,0.036963,-0.032952,0.021098,0.07001,0.099131
-0.047012,0.039305,-0.030609,-0.012793,0.03612,0.06524
0.2718,0.25578,0.31579,-0.019386,0.029195,0.033924
-0.016271,0.070046,0.00013175,-0.038189,0.010723,0.039843
0.3223,0.30629,0.3663,-0.030923,0.017657,0.022386
-0.010037,0.07628,0.0063654,-0.03182,0.017093,0.046213
0.0090196,0.095337,0.025422,-0.012951,0.035962,0.065082
-0.02779,0.058527,-0.011387,0.0072415,0.056154,0.085274
0.023661,0.10998,0.040064,-0.024663,0.024249,0.05337
0.014676,0.10099,0.031079,-0.014468,0.034444,0.063565
-0.0048168,-0.037007,0.045453,0.19559,0.1967,0.11051
-0.0125,0.073817,0.003903,0.011757,0.060669,0.08979
-0.0019521,0.084365,0.014451,-0.013906,0.035006,0.064127
0.027205,-0.004985,0.077476,0.21374,0.21485,0.12866
0.013247,0.099564,0.02965,0.0080886,0.057001,0.086122
-0.0048525,-0.037043,0.045418,0.1606,0.16171,0.075523
0.29945,0.28343,0.34344,0.030052,0.078633,0.083361
-0.027576,-0.059766,0.022694,0.19079,0.1919,0.10571
0.043573,0.011383,0.093843,0.24009,0.2412,0.15501
0.022747,-0.0094438,0.073017,0.16542,0.16654,0.080345
-0.011789,0.074528,0.004614,-0.016292,0.032621,0.061741
0.30903,0.29301,0.35302,0.00010021,0.048681,0.05341
0.3152,0.29918,0.35919,0.041915,0.090495,0.095224
0.0045163,-0.027674,0.054786,0.20211,0.20322,0.11703
-0.032733,-0.064924,0.017537,0.18635,0.18746,0.10127
0.27787,0.26185,0.32186,-0.018852,0.029728,0.034457
-0.032687,0.053631,-0.016284,-0.014426,0.034487,0.063607
0.039274,0.12559,0.055676,0.043587,0.0925,0.12162
0.26864,0.25262,0.31263,0.009369,0.057949,0.062678
0.015329,0.10165,0.031732,-0.018857,0.030055,0.059175
-0.023808,0.062509,-0.0074048,-0.013677,0.035235,0.064355
0.30128,0.28526,0.34527,0.010019,0.0586,0.063328
0.32554,0.30952,0.36953,-0.0038911,0.044689,0.049418
-0.0039382,-0.036129,0.046332,0.20679,0.2079,0.12171
0.0094996,0.095817,0.025902,-0.0086646,0.040248,0.069368
0.0067524,0.09307,0.023155,-0.044775,0.0041373,0.033258
0.019347,0.10566,0.03575,0.0054552,0.054368,0.083488
-0.020568,0.065749,-0.0041655,-0.0043293,0.044583,0.073704
-0.03835,0.047967,-0.021947,-0.027461,0.021452,0.050572
0.01858,0.1049,0.034983,0.044451,0.093363,0.12248
0.0084819,0.094799,0.024885,-0.024317,0.024596,0.053716
0.30461,0.28859,0.3486,-0.027522,0.021058,0.025787
-0.0040994,0.082218,0.012303,0.008749,0.057662,0.086782
0.00068827,-0.031502,0.050958,0.21431,0.21542,0.12923
0.014783,-0.017408,0.065053,0.19574,0.19685,0.11066
-0.008652,0.077665,0.0077508,-0.046001,0.0029113,0.032032
0.017924,0.10424,0.034327,-0.047673,0.0012396,0.03036
0.010805,0.097122,0.027208,0.039657,0.088569,0.11769
0.31385,0.29784,0.35784,-0.0036614,0.044919,0.049648
0.0022596,0.088577,0.018662,0.017957,0.06687,0.09599
0.27805,0.26203,0.32204,0.048658,0.097238,0.10197
-0.016767,-0.048958,0.033503,0.28566,0.28677,0.20058
0.27653,0.26052,0.32052,0.0031698,0.05175,0.056479
-0.0057587,0.080558,0.010644,-0.023666,0.025247,0.054367
-0.021288,0.065029,-0.0048851,0.0070925,0.056005,0.085125
-0.027053,0.059264,-0.01065,0.0040081,0.052921,0.082041
-0.049312,-0.081502,0.00095809,0.22,0.22111,0.13492
0.36002,0.344,0.40401,0.027272,0.075852,0.080581
0.028009,0.11433,0.044412,0.0063516,0.055264,0.084384
0.30691,0.29089,0.3509,-0.018982,0.029599,0.034327
0.0017937,0.088111,0.018197,-0.020771,0.028142,0.057262
0.010155,0.096472,0.026558,-0.0042703,0.044642,0.073763
-0.01965,0.066667,-0.0032471,0.015454,0.064367,0.093487
-0.026229,0.060088,-0.0098264,0.027119,0.076032,0.10515
-0.045827,0.04049,-0.029424,-0.0072031,0.04171,0.07083
0.038208,0.12452,0.05461,0.0072615,0.056174,0.085294
-0.0040962,0.082221,0.012307,0.022616,0.071529,0.10065
-0.04462,0.041698,-0.028217,-0.044116,0.0047968,0.033917
0.037855,0.0056651,0.088126,0.197,0.19811,0.11192
0.024107,-0.0080831,0.074377,0.15988,0.16099,0.074798
0.28795,0.27194,0.33194,-0.085283,-0.036702,-0.031973
0.27299,0.25697,0.31698,-0.018143,0.030437,0.035166
0.036931,0.12325,0.053334,-0.0039327,0.04498,0.0741
0.004829,0.091146,0.021232,0.04138,0.090293,0.11941
-0.016479,0.069838,-7.6055e-005,0.017907,0.06682,0.09594
-0.045892,-0.078082,0.0043785,0.24628,0.2474,0.1612
0.31762,0.3016,0.36161,-0.00839,0.04019,0.044919
0.0087682,0.095085,0.025171,0.029882,0.078795,0.10791
-0.0083433,-0.040534,0.041927,0.18671,0.18783,0.10163
0.0064915,-0.025699,0.056762,0.225,0.22611,0.13992
-0.059877,-0.092068,-0.0096071,0.21845,0.21956,0.13337
-0.016528,0.069789,-0.00012563,0.012453,0.061366,0.090486
-0.02295,0.063367,-0.006547,-0.0037524,0.04516,0.07428
