ExpPatterns = [
    0.4679    0.8586
    0.2674    0.7157
    0.0273    0.2531
    0.7611    0.9687
    0.4186    0.8309
    0.3332    0.7781
    0.2293    0.6136
    0.7294    0.9680
    0.1871    0.6084
    0.1594    0.4779
    0.0365    0.0269
    0.1935    0.5879
    0.8007    0.9996
    0.9008    1.0192
    0.0643    0.2926
    0.5074    0.8633
    0.5756    0.8864
    1.0283    1.0416
    0.9310    1.0314
    0.2163    0.6385
    0.8041    0.9868
    0.0967    0.3450
    0.7126    0.9470
    0.0865    0.4159
    0.0193    0.1726
    0.0524    0.1368
    0.2044    0.5594
    0.0339    0.0492
    0.4968    0.8471
    0.0683    0.3754
    0.0387    0.1284
    0.3052    0.7472
    0.0520    0.2209
    0.5481    0.8977
    0.1193    0.3991
    0.7652    0.9827
    0.7490    1.0021
    0.7375    0.9530
    0.8897    0.9997
    0.5775    0.9518
    0.2393    0.6754
    0.6732    0.9597
    1.0365    1.0295
    0.4949    0.8586
    0.0133    0.1317
    0.6502    0.9817
    0.0283    0.1635
    0.6182    0.9242
    0.0958    0.3809
    0.0555    0.3342
    0.0929    0.4166
    0.8837    1.0269
    0.2971    0.7089
    0.6350    0.9584
    0.2320    0.6530
    0.0447    0.0669
    0.8723    1.0135
    0.8237    1.0259
    0.6029    0.9351
    0.0285    0.0852
    0.3817    0.7781
    0.0877    0.4057
    0.9498    1.0121
    0.5041    0.9121
    0.2808    0.7220
    0.1446    0.5174
    0.2247    0.6742
    0.3124    0.7406
    0.0421    0.1991
    0.9765    1.0258
    0.5902    0.9299
    0.7947    0.9799
    0.2238    0.5899
    0.9777    0.9991
    0.4915    0.8752
    0.0322    0.2302
    0.3982    0.7978
    0.2634    0.6797
    0.0078    0.0499
    0.1662    0.5331
    0.0176    0.1501
    0.2838    0.6997
    0.3849    0.7959
    0.4217    0.8481
    0.1770    0.5518
    0.1334    0.5181
    0.5300    0.9123
    0.0766    0.2763
    0.0838    0.2965
    0.8901    1.0342
    0.0835    0.2986
    0.9580    1.0093
    0.1640    0.5019
    0.3889    0.8049
    0.1147    0.4761
    0.6046    0.9592
    0.3860    0.7727
    0.0837    0.3639
    0.1137    0.4783
    0.3432    0.7643
]';
