Patterns = [
-0.49505,0.50351
-0.19454,0.51425
0.62253,0.026376
-0.80121,0.10005
-0.30234,0.12855
0.45949,-0.31944
-0.63295,0.21981
-0.84583,0.023015
-0.61348,0.24837
0.5077,0.069555
0.34603,0.2572
-0.46516,0.49416
-0.0018963,0.19625
-0.14473,0.33363
0.69742,0.096027
-0.80292,0.088531
0.38157,0.6103
0.3953,0.18168
-0.54951,0.13548
0.81643,0.15769
-0.5155,-0.44907
0.62672,-0.23121
-0.34866,-0.23174
0.88129,0.045647
0.0026424,0.072392
-0.082263,-0.77457
-0.74515,0.17042
0.19016,0.6363
0.30294,0.17187
-0.54576,-0.41594
-0.08649,0.4132
-0.43652,0.070158
-0.80181,-0.024199
-0.88825,0.10069
0.051893,0.92254
0.069904,0.85339
-0.12827,-0.77412
-0.37664,0.29784
-0.23532,0.00098598
-0.38443,0.35309
-0.39352,-0.038099
-0.55792,0.34827
0.75469,0.11393
0.4624,-0.44779
-0.11026,0.40535
-0.073253,0.66257
0.35282,0.4197
0.15563,-0.45527
0.10615,-0.74352
-0.10841,0.061267
-0.38501,0.46449
-0.51336,0.00094818
0.31231,0.094585
-0.54668,-0.44445
0.53767,0.23444
-0.11182,0.28543
-0.53982,0.30968
-0.31742,0.11283
-0.22212,0.32893
0.53909,0.24322
0.52329,0.11076
0.11263,0.62786
-0.52843,0.1484
0.6896,0.14718
-0.025498,-0.61279
-0.19774,0.43024
0.66839,-0.19035
-0.32783,0.20214
-0.23292,0.039658
-0.13513,0.61309
0.38436,0.45757
0.47123,0.50856
-0.62361,0.12946
0.60026,0.39743
0.26427,0.50312
-0.086857,0.24786
-0.045989,-0.36147
0.75321,0.02046
-0.68322,0.056821
-0.23417,0.34462
-0.29684,0.62589
-0.6841,0.10839
0.52363,-0.23892
0.81533,0.079774
-0.11875,0.1151
0.24405,0.14249
-0.62601,-0.075943
0.018135,-0.85042
-0.5813,0.35897
0.1777,0.0024617
0.70562,-0.26091
-0.66581,0.23625
-0.50062,0.32132
0.12829,-0.097107
0.075706,-0.80948
-0.31354,0.45045
-0.12261,0.75147
-0.087735,0.73305
0.27243,0.5988
0.06756,0.5222
-0.022332,-0.05374
-0.23755,-0.23878
-0.17854,0.64352
-0.47396,-0.068806
0.23659,0.51302
-0.30829,0.34507
0.20512,0.55368
0.098533,-0.1004
0.27356,-0.41852
0.57775,0.33924
0.17369,0.71421
0.054688,0.69742
-0.52646,0.29824
0.16967,0.16387
0.76275,-0.16391
-0.36362,0.002276
0.76615,-0.1359
-0.71619,0.19964
0.62644,0.056748
0.3342,-0.52631
0.2942,0.15138
0.82285,0.019961
0.15478,0.64869
0.40372,-0.43693
0.23206,0.20841
-0.29536,-0.081044
-0.048426,-0.56762
-0.35009,0.64818
0.80622,-0.10525
0.12166,0.87397
0.39464,-0.57569
-0.14765,0.41887
0.038109,0.024166
0.02461,0.79315
0.79861,-0.027541
0.03355,0.32644
0.85498,0.13028
0.25875,-0.18412
0.42223,0.47662
0.60175,0.18416
-0.42567,0.4762
-0.015471,0.83368
-0.81581,0.078014
0.058242,-0.22679
-0.41945,0.35576
-0.90921,0.032404
-0.27452,0.65139
0.45366,0.44758
-0.15229,0.50755
-0.49565,-0.30034
0.30541,0.42216
-0.58784,0.39763
-0.030768,0.10203
0.098395,0.10032
-0.32977,0.45362
0.11606,-0.28254
0.60209,-0.3452
0.19074,0.78758
-0.48092,-0.45759
-0.59145,0.36186
0.52224,0.43065
0.31045,0.65915
0.21624,-0.59032
-0.6067,-0.18502
0.60553,-0.15401
-0.29186,-0.092472
0.51842,0.18023
-0.29852,0.65717
0.35385,0.61711
-0.57683,0.37881
0.27638,0.67194
-0.46901,0.3197
0.41742,0.14481
0.053735,-0.31863
-0.71204,0.24013
-0.40979,-0.077888
-0.037653,0.62092
0.19678,0.68324
0.11402,0.65689
-0.27972,-0.045203
-0.83863,0.091854
-0.12385,0.4874
-0.23343,0.75779
0.37322,0.37208
-0.23035,0.74321
0.097163,0.67596
-0.20106,0.093837
0.017263,0.016106
0.60564,0.1251
0.39401,0.017818
0.004797,0.13977
0.39654,0.16715
0.072551,0.16778
0.6295,0.062141
0.54017,0.30338
0.43352,-0.19867
0.039496,0.95397
0.61071,-0.34961
-0.3183,0.1544
-0.29896,0.073827
-0.053113,-0.29701
0.74024,0.22284
-0.47513,-0.18029
0.68678,0.0553
0.51825,0.31207
-0.15722,-0.72756
0.048807,0.18338
-0.060014,-0.81877
0.3654,0.42666
0.055254,0.28494
-0.10925,0.81937
0.59811,0.38848
0.17594,-0.46844
-0.36586,0.61241
-0.90361,0.060344
0.04756,0.44077
-0.81092,0.18298
-0.17631,0.32281
0.37392,0.54569
-0.32817,0.40269
-0.16113,-0.67238
-0.19764,0.36565
0.34489,0.44488
-0.55505,-0.23838
0.34225,-0.16663
-0.6511,0.013883
-0.52813,0.29741
0.15312,0.24592
0.29568,0.24888
-0.52109,0.27901
0.10924,0.57073
-0.3676,0.28009
-0.30134,0.35445
-0.49325,0.20462
-0.41391,0.41591
0.34463,0.26801
-0.032572,0.43843
-0.5234,0.18815
-0.0034469,0.081908
0.8557,-0.0994
-0.61721,0.11257
0.51359,-0.43597
0.41429,0.19177
0.045787,0.78336
0.63519,0.25882
-0.51769,-0.25981
-0.39179,0.57131
0.56577,0.11075
-0.60569,-0.19332
-0.45274,0.046455
0.40738,-0.32481
-0.28462,0.4389
-0.29208,-0.35473
-0.61573,0.18243
-0.096756,0.87734
0.0089708,0.66376
0.094273,-0.65299
0.34993,0.43228
0.14356,0.83943
-0.6635,0.11446
0.28188,0.32314
-0.62023,0.088292
-0.45133,0.4769
0.023405,-0.49953
0.64594,0.0095361
0.62776,-0.26615
0.11247,-0.051011
0.85127,0.027736
-0.1965,0.5209
0.039105,-0.3791
-0.1179,0.77325
0.70239,0.032691
0.69752,-0.07215
-0.51042,0.11861
0.18781,0.68385
-0.43259,0.37459
0.56782,-0.3987
-0.049874,0.29383
0.60509,0.25292
0.23902,-0.73967
0.32527,0.0010218
0.27385,0.68948
0.1002,0.71375
-0.44918,0.30474
-0.7757,0.2231
0.49067,0.32189
-0.25013,0.74556
-0.38876,0.42995
-0.10413,0.85088
0.16446,0.27445
-0.14912,0.015357
-0.53568,-0.053112
-0.16578,0.28393
0.14858,0.65079
0.84022,0.046815
0.3889,0.3016
-0.54414,0.42605
-0.35098,0.64765
-0.12936,0.35874
0.54097,0.03622
0.38797,0.39046
-0.081223,-0.89471
-0.45514,0.12779
-0.076259,0.15589
0.027284,0.39991
0.27873,-0.31193
-0.28747,0.42209
-0.5503,0.036918
0.37108,0.0026731
0.64578,0.27018
-0.12073,0.34986
0.39401,-0.25871
-0.19426,0.74353
0.044492,0.76666
-0.13343,0.038151
-0.36858,0.55861
-0.020497,0.05095
0.48337,0.006876
0.049106,0.33438
-0.25405,-0.082003
-0.12914,0.43939
0.30458,0.21854
0.18112,-0.45197
0.22408,0.15386
0.87509,0.0013692
-0.25376,0.55067
-0.29648,0.27172
-0.29941,0.15682
-0.40225,0.012754
-0.9148,0.027941
-0.52816,0.080759
-0.3676,0.50654
-0.58755,0.041219
-0.76156,0.070729
-0.076242,0.11482
0.032783,0.86545
-0.74086,-0.23098
0.87859,0.020357
-0.35091,0.64067
-0.12078,0.16441
-0.35366,-0.23244
0.43066,-0.42858
-0.4915,0.26284
0.12887,-0.16997
0.26624,0.28685
0.46675,0.35692
0.14269,0.20935
0.41701,0.47579
-0.34564,0.1767
0.010129,0.20025
-0.1437,0.81274
0.22026,-0.14522
0.30274,0.041699
-0.41003,0.34334
-0.35354,0.25102
-0.26541,0.69116
0.22458,0.16558
0.0070375,-0.50508
0.72401,0.16337
0.10709,0.59228
-0.21131,0.23713
-0.27928,0.50504
0.3776,0.23987
-0.46273,0.51633
0.022451,0.79904
0.21278,0.33219
-0.33227,0.58965
-0.73612,-0.098104
0.15181,0.18201
-0.56753,-0.0032339
0.21373,0.70637
0.13669,0.015463
-0.033473,0.78667
-0.12622,-0.83075
0.0099771,-0.27134
0.38365,0.21784
-0.19909,-0.41901
0.55933,-0.09294
0.53213,0.061006
0.067605,0.04205
0.72231,-0.26109
-0.12006,0.1609
0.45389,0.13578
0.25193,0.69406
-0.0071676,0.21243
0.055021,0.65766
0.18978,0.5876
-0.53636,-0.029711
0.58658,0.091647
-0.10829,0.10931
0.15091,-0.39126
-0.71611,0.22776
-0.9585,-0.039485
-0.21313,-0.5509
-0.16142,0.10842
0.76752,0.2022
-0.6403,0.25414
-0.44207,0.48168
-0.26856,0.71058
0.93516,0.051121
-0.16459,0.78695
-0.69353,0.0065857
0.22056,0.64335
-0.063956,-0.16496
-0.31724,0.14053
0.30666,0.46159
0.30496,-0.40724
-0.1225,0.28999
0.15247,0.2784
0.27922,0.40762
0.095421,0.78082
-0.44858,0.052815
-0.48893,0.4775
-0.38049,0.20466
0.077026,-0.50093
-0.42482,0.21473
-0.36389,0.50166
0.098844,-0.29339
-0.14353,0.18481
-0.35966,0.024149
-0.60215,0.35015
0.55555,0.25642
-0.076058,0.17723
0.0060662,0.50346
0.29995,-0.16362
0.43132,0.31138
-0.53315,0.21402
-0.126,0.41842
-0.2338,-0.25021
-0.33837,0.59129
0.086098,-0.0014639
0.72346,0.088865
-0.44228,0.39683
-0.18763,0.79206
-0.1425,0.081357
0.80458,0.15878
-0.13142,0.79334
-0.45344,0.2322
0.21519,0.075105
0.4113,-0.20921
0.63824,0.00053953
-0.29258,-0.352
-0.22903,0.29501
0.92148,0.011999
0.18106,0.15343
0.52949,0.075416
0.54148,0.11846
0.27567,0.0099419
0.52538,0.14662
-0.52896,0.34756
-0.36096,0.32433
0.37518,0.13171
-0.85449,0.016094
-0.65054,-0.22553
-0.60218,0.30981
0.72403,-0.21707
0.57894,0.23842
-0.29914,0.10235
-0.36814,-0.48724
0.19194,0.66074
0.18684,0.099877
0.7971,0.16575
-0.34924,0.44684
-0.10316,0.80171
-0.23401,0.075838
0.047609,0.17756
0.72696,-0.10136
-0.37817,0.2152
-0.1477,0.4684
0.098534,0.024923
-0.70852,-0.11463
